32
33
34
52
53
54
72
73
74
84
85
86
87
88
89
92
93
94
104
105
106
107
108
109
124
125
126
127
128
129
144
145
146
147
148
149
164
165
166
167
168
169
172
173
174
192
193
194
212
213
214
215
216
217
232
233
234
235
236
237
252
253
254
255
256
257
272
273
274
275
276
277
292
293
294
295
296
297
392
393
411
412
413
426
427
428
429
430
431
432
433
442
443
444
445
446
447
448
449
450
451
452
462
463
464
465
466
467
468
469
470
471
483
484
486
487
488
489
490
491
506
507
508
509
510
511
512
513
514
515
516
526
527
528
529
530
531
532
533
534
535
536
