107
108
109
110
111
112
127
128
129
130
131
132
147
148
149
150
151
152
163
164
167
168
169
170
171
172
183
184
187
188
189
190
203
204
207
208
209
210
222
223
224
225
226
227
228
229
230
242
243
244
245
246
252
253
254
262
263
264
265
266
271
272
273
274
282
283
284
285
286
291
292
293
294
302
303
304
305
306
311
312
313
314
322
323
324
325
326
331
332
333
334
343
344
345
346
357
358
363
364
365
366
373
374
375
376
377
378
393
394
395
396
397
398
413
414
415
416
417
418
430
431
432
433
434
435
436
437
438
450
451
452
453
454
455
456
457
458
470
471
472
474
475
476
477
490
491
492
494
495
496
497
514
515
516
517
534
535
536
537
554
555
556
557
